'train': {'mae': [3.9684731391934696,
   3.9050679113758844,
   4.085810068812765,
   4.079151635074527,
   4.002584456067587,
   3.904700774268372,
   4.042984367429363,
   4.001806944153222,
   4.057958895463351,
   3.9160961123902207],
  'mse': [39.00177352019961,
   37.61194953714041,
   41.61291122712632,
   41.05049095901769,
   39.46360908052153,
   36.249101041285826,
   41.09825096846339,
   39.83297837636119,
   40.65396635272248,
   38.4899408927312],
  'rmse': [6.245139992041781,
   6.132858186615798,
   6.450807021383163,
   6.407065705845203,
   6.282006771766609,
   6.0207226344755185,
   6.410791758313741,
   6.311337289066493,
   6.376046294744297,
   6.204026184078465],
  'r2': [0.9037413531134421,
   0.9053196695228647,
   0.8956360583084261,
   0.8978590265682356,
   0.9017202935429826,
   0.9084459158792151,
   0.8965733277523754,
   0.90018103131445,
   0.899604773426514,
   0.9042407685795824]},
 'val': {'mae': [10.435470878556682,
   11.249160433638407,
   9.562264042518816,
   10.233622310061683,
   9.911309204494955,
   11.219268130493179,
   10.456428818281276,
   9.885870562593528,
   10.42354672757288,
   11.645327675746444],
  'mse': [171.3579876604575,
   200.87494393099303,
   144.82475073730436,
   158.38091842336277,
   150.94632879663857,
   191.89298342844768,
   165.13713347362102,
   165.06692698656977,
   171.88956239882944,
   205.5202173288973],
  'rmse': [13.090377674477445,
   14.173035805041664,
   12.03431554918286,
   12.584948089815976,
   12.286021683060737,
   13.852544294404826,
   12.850569383246059,
   12.847837443965805,
   13.110665978463086,
   14.335976329810862],
  'r2': [0.5156302235536707,
   0.5303350390597915,
   0.6471394007136264,
   0.5901582848838283,
   0.6127242872833786,
   0.5638002490371137,
   0.6124122899657686,
   0.5940207525945295,
   0.5065977542075704,
   0.46846463145762673]},
 'test': {'mae': [10.05950272002194,
   10.161518359014291,
   9.94608154943351,
   10.01360934812551,
   10.062729557022298,
   10.198244797360816,
   10.16346590920883,
   10.064631821484165,
   10.033759800175105,
   10.03394469830023],
  'mse': [157.804243587918,
   162.02433414894332,
   158.31679135823669,
   159.74090380550786,
   158.37770329363582,
   164.00433266351487,
   160.60864748347393,
   157.2228209859463,
   156.83135520388223,
   162.40245552642057],
  'rmse': [12.562015904619688,
   12.728877961114378,
   12.582400063510804,
   12.6388648147493,
   12.584820352060486,
   12.806417635838482,
   12.67314670803877,
   12.538852458895363,
   12.523232617973772,
   12.743722200613938],
  'r2': [0.6100780855993724,
   0.5996505726688834,
   0.608811620241531,
   0.6052927500316032,
   0.6086611116245213,
   0.5947581515668996,
   0.603148623432542,
   0.6115147352665931,
   0.6124820165240183,
   0.5987162643890205]}