57.3358
60.9898
65.4274
50.7674
52.0666
52.3638
48.4940
71.9880
53.9771
59.0542
64.5151
70.3194
70.9940
38.3021
67.0175
48.6673
49.3645
53.7285
37.5614
58.0153
26.3328
53.1705
56.2429
24.5910
25.3683
59.0337
33.3474
28.0712
68.9681
64.5294
51.4927
37.7701
48.4027
59.1894
29.4347
36.5907
32.3928
33.4871
48.2424
45.6296
61.9399
52.1492
67.6347
56.5281
45.4331
65.4154
29.2871
62.9941
51.6417
30.2813
63.5214
24.0054
62.5189
44.3935
70.0373
38.0320
49.2779
58.6574
32.2074
71.8305
29.7353
67.3414
68.8534
46.2991
70.3731
43.1719
56.7406
55.2220
47.9804
40.4217
34.0125
62.9045
35.2496
53.3844
65.4561
59.3735
37.2688
26.5171
57.8257
57.8029
64.3344
55.8907
42.3877
48.2625
47.0876
71.1117
27.8858
60.5234
41.7349
50.6422
53.8567
60.4157
28.8847
57.5199
46.6436
65.1366
48.8798
31.0059
30.2300
57.7484
65.5664
50.5822
56.3829
50.5379
48.4613
64.3243
72.0046
32.6440
69.2147
68.0729
50.8372
39.7510
71.4421
40.9349
69.8773
54.6237
33.0715
47.9926
33.6957
72.6935
72.1209
37.5820
31.9923
52.5965
47.3779
49.3645
64.4042
35.0208
37.1756
33.5575
64.7223
49.8115
35.0722
30.7096
38.4035
40.6736
28.7544
53.9887
48.2932
38.4676
65.9044
61.5544
49.4668
69.2182
52.2790
26.8503
59.5163
30.2564
59.2900
33.5545
65.3301
40.1565
39.3088
36.8094
60.7498
47.6030
70.2093
24.6796
60.4199
74.8328
70.8138
62.4360
39.3478
52.1530
31.2794
41.4834
68.3379
23.9205
34.4018
31.6008
58.6218
25.0891
46.0812
54.2034
56.4800
50.3669
51.2667
57.1655
30.5211
63.7852
59.8536
51.0194
50.5591
32.6746
57.8319
34.3801
57.1592
28.5312
59.7149
41.1916
29.5619
54.2053
56.5593
60.2090
49.3090
70.5584
38.3599
49.8798
50.5794
66.9108
64.7045
66.0780
24.4385
42.7614
58.4823
53.1229
57.8029
24.2901
35.7903
54.5847
56.9530
31.1777
20.6987
53.0906
49.9420
46.0395
32.1280
32.4242
32.3978
47.0929
19.8966
60.6430
61.0764
34.1002
41.7451
38.3038
58.6527
49.7296
55.9352
63.7730
28.4162
50.4587
51.4283
67.5591
31.6801
28.4831
37.1305
67.2650
55.5913
27.0569
46.3115
67.2936
66.5390
26.2150
38.1104
35.0738
48.7764
31.7019
59.8525
33.8078
48.4548
22.4219
44.0387
60.5571
32.8645
60.2364
67.7421
70.4595
37.8916
56.5281
72.8763
45.3866
36.3044
56.5889
74.9259
54.4010
42.2875
35.2530
51.8369
36.5376
20.2075
38.8107
74.8532
43.6579
39.2355
58.9154
