'train': {'mae': [13.483359643817987,
   13.330193953557412,
   13.565065423065986,
   13.44909337857484,
   13.637795703758611,
   13.405170860150383,
   13.470809241597163,
   13.54212364393128,
   13.548552439310217,
   13.202853729470219],
  'mse': [292.7289244453579,
   286.43616823953124,
   295.2756566524215,
   290.7747977111214,
   299.54779620318857,
   289.8306749080904,
   292.2241356281549,
   296.7227449587067,
   293.3799864214568,
   284.9639834230659],
  'rmse': [17.109322734853006,
   16.92442519672474,
   17.183586838969955,
   17.05212003567654,
   17.307449153563578,
   17.02441408413489,
   17.094564505367046,
   17.225642076819856,
   17.12833869414827,
   16.880876263484247],
  'r2': [0.2775279781296621,
   0.2789559859761255,
   0.25945744950124205,
   0.27650022706697885,
   0.25400970244187315,
   0.2679768262088209,
   0.2645971741802181,
   0.2564312387722263,
   0.27549627130205123,
   0.2910373099521504]},
 'val': {'mae': [8.63583073369707,
   9.006927630759586,
   8.454715762034063,
   7.891529805558471,
   9.206438865415743,
   7.96143829083341,
   7.969414103428064,
   8.39654979746694,
   8.738307729682992,
   10.348754318687977],
  'mse': [119.91339783465043,
   119.40772297141612,
   109.54177577897454,
   100.2553487723569,
   123.8884539719479,
   98.85054774675162,
   101.8790073087429,
   105.44017565756702,
   117.9551497655686,
   162.7046526388495],
  'rmse': [10.950497606714062,
   10.927384086386647,
   10.466220701808965,
   10.012759298632766,
   11.130519034256574,
   9.942361276213594,
   10.093513130161515,
   10.268406675700327,
   10.860715895629008,
   12.755573395141807],
  'r2': [0.6610462897289704,
   0.7208132460532498,
   0.7331051740018207,
   0.7405696058624969,
   0.682145371193586,
   0.7752987965515902,
   0.760883271298493,
   0.7406717145510165,
   0.6614143698726976,
   0.5791981994377268]},
 'test': {'mae': [9.160004852789276,
   9.149588044169011,
   8.842323916279417,
   8.79343283591865,
   8.975299900528032,
   8.867554746921318,
   8.984538596988365,
   8.800142694792997,
   8.898305010010445,
   9.327399346977712],
  'mse': [124.82864881848498,
   123.88586963122309,
   115.93308281900286,
   115.54270407702175,
   118.73797956596019,
   117.57046547484914,
   123.38413779771703,
   115.75956682353933,
   117.25186091569017,
   131.27097378602937],
  'rmse': [11.172674201751565,
   11.130402941098902,
   10.767222613980026,
   10.749079219962134,
   10.896695809554389,
   10.842991537156577,
   11.107841275320647,
   10.759161994483554,
   10.828289842615508,
   11.457354571890903],
  'r2': [0.6915581950606434,
   0.6938877285205558,
   0.7135384412525827,
   0.7145030365191845,
   0.706607761288578,
   0.7094925970771803,
   0.6951274685464786,
   0.7139671856741012,
   0.7102798439649665,
   0.6756397151299288]}