66.6352
78.2178
75.3477
63.5872
53.2732
60.4558
63.5006
71.6547
21.6227
58.6042
69.9834
69.4683
77.8258
33.9348
75.4556
42.4891
55.0495
61.3113
16.1700
72.1453
16.8555
30.2955
69.3349
14.8535
18.0612
47.9039
13.7756
21.4411
68.8888
94.9094
57.4117
20.1861
51.1616
64.3057
23.8845
44.0387
33.7316
19.1235
41.1411
35.7218
66.3194
63.8523
68.8959
67.4273
44.3290
63.5474
14.6659
67.5267
51.9252
25.9877
70.9970
12.1798
66.1505
40.2687
56.7827
37.9202
27.1429
65.7597
26.3462
75.9726
5.9480
73.6539
79.2921
29.8991
68.4200
36.6563
68.1013
60.4282
53.2187
28.1802
17.2023
76.8280
24.2405
45.9040
82.3826
57.9943
29.0410
16.4175
55.5073
71.4713
70.5442
62.1955
49.3594
36.9505
39.7003
75.0699
9.4443
63.3074
41.5265
42.7816
69.8141
57.5336
25.1176
64.9479
48.5881
85.6101
43.1631
13.1880
30.0830
61.6791
72.1080
39.0834
44.0465
37.3148
31.8515
62.4738
83.6248
30.8758
77.8160
67.5811
22.3424
42.7444
70.4939
30.0891
70.0759
43.6068
25.4091
41.1396
23.3359
77.1094
77.0970
26.7480
11.6048
75.4638
51.9984
43.1712
50.1469
37.7440
25.4786
23.1516
66.0080
36.7573
15.7804
22.1713
31.4615
20.8519
19.0067
52.4757
46.1312
23.1246
75.5460
67.6577
53.5789
74.9540
53.9472
13.6546
51.2523
21.8456
76.1894
29.0206
86.0209
43.6401
30.9283
13.9171
83.2290
63.9470
65.9499
23.6839
58.4108
80.9976
69.7840
57.5996
23.9521
58.9678
4.1549
31.0829
72.1061
7.4402
9.1968
19.1945
83.2739
3.7216
50.2847
68.7191
78.4320
47.8811
56.2124
69.4493
11.4642
70.7563
66.0695
50.0253
55.4767
27.0438
68.6666
19.4221
78.3528
23.0576
77.5374
38.0918
9.2796
52.2309
78.8859
66.1863
39.7322
82.9522
26.3628
36.8366
48.5552
56.2049
74.1761
76.1910
14.3537
35.0570
60.8149
51.7244
71.4713
13.1639
37.2970
60.7643
68.7753
32.3856
-4.9313
57.7051
46.5331
51.5883
-5.7882
21.7811
32.4575
26.3074
16.9400
58.3304
80.9334
18.6738
34.3046
28.0812
74.1673
45.8591
72.6648
52.2561
18.2577
27.9865
23.8360
77.8838
21.4522
18.0251
43.1007
80.3987
74.1637
16.9290
50.8844
89.7061
77.1879
12.1373
57.5897
5.2524
59.2800
16.9925
61.0826
29.4786
41.8151
21.8209
37.8025
58.8266
35.1643
63.3991
64.8462
71.4744
49.6520
67.4273
78.4551
44.5219
20.8610
41.2517
87.7882
48.2681
41.1174
26.4075
37.5685
17.1424
15.6143
40.1240
76.0568
39.4025
38.9620
64.9465
