'train': {'mae': [6.619095726526948,
   6.739630845753464,
   7.555666292551749,
   7.618821431842269,
   7.099013842118536,
   7.617809921172264,
   6.913222251658563,
   6.8636512467647055,
   7.375185073123731,
   6.034290635782262],
  'mse': [67.47861576823651,
   69.9220351076351,
   87.29691880899583,
   88.73001846057383,
   78.1390377202688,
   89.1040417695751,
   74.29361547939197,
   72.14024670561564,
   84.14086857093685,
   57.55330258695055],
  'rmse': [8.214536856587626,
   8.36193967376201,
   9.343282014848734,
   9.41966127101043,
   8.839628822539371,
   9.439493724219277,
   8.619374425060787,
   8.49354147017695,
   9.172833181244323,
   7.586389298404779],
  'r2': [0.8334588491401722,
   0.8239856887745874,
   0.7810619282388221,
   0.7792238229932655,
   0.8054034623566075,
   0.7749505863226163,
   0.813034831478002,
   0.8192210243774013,
   0.7922135938476907,
   0.8568129777909345]},
 'val': {'mae': [9.141362529013351,
   9.200941376935432,
   7.835936016553166,
   8.02405002111956,
   8.272240724272311,
   8.131496697437528,
   8.936444526308268,
   8.21189092500953,
   8.696542675930004,
   10.099154385050753],
  'mse': [143.66388142414854,
   141.38785427651356,
   104.58115897526739,
   106.95851025837794,
   110.91532129884108,
   111.28353105237251,
   129.66921729796118,
   121.31238493298808,
   123.57551712080878,
   166.63720362438988],
  'rmse': [11.985986877355929,
   11.89066248265897,
   10.226492994925845,
   10.342074755984795,
   10.531634312813994,
   10.549100959435952,
   11.387239230733725,
   11.014190162376355,
   11.116452542102124,
   12.908803338202572],
  'r2': [0.5939118854108454,
   0.6694215826190306,
   0.7451915488049868,
   0.7232238597493951,
   0.7154299117464968,
   0.7470368761585511,
   0.6956578212466298,
   0.7016342907985174,
   0.6452813258614526,
   0.5690274728562842]},
 'test': {'mae': [8.131513023712046,
   7.933193850485164,
   7.723095679810836,
   7.481890823436703,
   7.978206293339458,
   7.5855450620901195,
   8.166249689390066,
   7.960260791826274,
   7.808678198031466,
   8.511835790396477],
  'mse': [111.1569365914701,
   107.42567545561815,
   101.0642055942063,
   94.48223602815747,
   105.33851263214322,
   98.36034238092905,
   113.59759444621203,
   107.25808857485704,
   102.48500278794606,
   124.24479968342227],
  'rmse': [10.543099003209166,
   10.36463580911641,
   10.053069461324053,
   9.72019732454838,
   10.263455199499981,
   9.917678275732131,
   10.658217226450773,
   10.356548101315276,
   10.123487679053403,
   11.146515136284625],
  'r2': [0.725339924141472,
   0.7345595778855074,
   0.7502782711878307,
   0.766541801973621,
   0.7397167935933459,
   0.7569593052109185,
   0.7193092499246045,
   0.7349736719294259,
   0.7467675927094704,
   0.6930008405008972]}