64.4432
62.5084
67.6734
55.5401
31.7625
53.5180
51.8627
75.9826
45.7890
61.7942
66.4065
73.2881
76.0620
35.0116
67.1543
28.6449
56.3871
53.5137
32.6240
71.8802
22.7577
46.4840
60.9111
21.8581
17.1103
57.3903
32.1185
25.6278
66.5216
74.5746
55.4323
36.4511
48.6141
65.5589
31.5040
37.9661
27.2612
31.7342
29.2241
44.1195
63.0331
56.2930
72.3877
69.2730
48.2317
70.0791
25.0697
63.8931
27.4554
21.8815
66.8395
19.2975
63.5724
42.7789
71.3054
36.8789
40.4152
60.8961
28.5718
76.1329
25.4292
68.5353
70.1658
40.8897
69.6163
37.1547
69.6455
57.0202
47.4299
43.2320
29.2582
64.4181
28.5238
52.8734
74.3011
57.6739
36.4439
20.2862
56.2477
71.5077
62.3367
61.3956
45.0312
45.2479
40.5969
74.0949
26.0373
60.4149
38.9051
49.7136
57.0779
60.4612
27.8450
56.4761
46.4548
74.1111
28.1211
28.1958
26.5476
62.1705
71.2825
50.1564
53.9106
49.2278
45.8164
66.5121
75.0354
29.9357
75.1696
67.9332
41.7658
37.2399
71.9217
34.2425
70.4394
47.0280
29.4072
51.2995
26.7896
75.6003
76.2273
29.8722
29.5922
61.1924
50.2331
47.7183
62.4156
36.1890
32.6168
26.8662
68.2383
45.2180
31.2756
25.8851
35.6117
35.0960
26.6457
52.2155
50.5400
34.0956
70.0423
62.7164
50.5355
72.1099
34.0802
24.4024
64.9655
25.4264
74.1148
29.4225
73.8101
39.4211
32.1749
33.0816
68.1680
51.4393
73.9717
20.7784
64.2115
79.0028
72.7265
61.2687
34.3875
53.2985
26.6920
40.0379
70.1655
21.9161
31.2702
29.5035
64.7600
21.1200
46.2408
56.5772
64.7048
30.7282
51.7484
70.3904
26.9149
66.1493
64.2321
55.7665
54.3349
29.2086
59.6142
26.4886
59.3772
23.0577
74.8597
36.6760
26.2958
50.6967
63.9034
61.8850
45.8429
72.0969
39.1640
44.9370
27.4978
65.8730
67.1268
70.5677
23.0306
40.6874
60.3145
55.0012
71.5077
23.7455
36.3025
54.3915
70.0179
26.6105
12.2104
57.0308
24.4758
52.7570
28.1234
28.2326
26.4695
42.1298
14.0721
63.3665
66.6256
32.6184
34.3502
34.0519
72.9975
24.1033
57.0379
64.2056
22.6318
43.9741
46.7616
71.1419
27.1023
25.4832
31.3475
70.1454
61.1439
20.5353
51.2867
74.0481
73.6746
18.0251
42.8356
32.5878
54.8711
28.1612
58.6679
29.5394
21.8686
21.2594
47.1283
58.7107
29.8276
64.2504
65.8188
75.5328
37.7230
69.2730
76.4434
44.6111
30.0957
56.5444
79.5836
52.3026
40.5821
31.8073
45.0957
34.5251
16.7126
35.7246
76.3422
41.4242
37.9174
62.5561
