'train': {'mae': [0.391029341029341,
   0.3880159531017251,
   0.47888136081879773,
   0.4870837537840565,
   0.4303930176785878,
   0.385765395048947,
   0.4663049698367559,
   0.4575464898371054,
   0.46319254240545865,
   0.4611935995387055],
  'mse': [3.394118051260908,
   3.3271015099615364,
   4.634032826046665,
   4.646518668012109,
   4.184431216757871,
   3.176584716998441,
   4.5573939418901235,
   4.441666838279207,
   4.538424047722017,
   4.455045923515723],
  'rmse': [1.8423132337528567,
   1.8240344048184882,
   2.152680381767499,
   2.1555784996172394,
   2.045588232454878,
   1.7822975949595066,
   2.1348053639360485,
   2.1075262366763567,
   2.1303577276415377,
   2.110697970699674],
  'r2': [0.9916231191174317,
   0.9916247077226594,
   0.9883779837220542,
   0.9884386293870776,
   0.9895791418662839,
   0.9919769236741723,
   0.9885309939371173,
   0.9888694588977823,
   0.9887923331611874,
   0.9889162788073002]},
 'val': {'mae': [13.004764809398276,
   14.803788784883533,
   14.492468657109951,
   13.62438613610707,
   12.979511830673092,
   13.516277371005101,
   14.792288944075068,
   13.741163392088838,
   13.716622670438822,
   15.055264654263206],
  'mse': [256.7334962904239,
   333.36909345277496,
   306.7228123284647,
   277.8031760674076,
   253.52751983440768,
   275.38278945013303,
   324.19772166326595,
   278.5879170327132,
   285.8638263647456,
   328.5623009482477],
  'rmse': [16.022905363585714,
   18.258397888445057,
   17.513503713662345,
   16.667428597939384,
   15.922547529663953,
   16.59466147440595,
   18.005491430762614,
   16.690953149317544,
   16.907507988013656,
   18.12628756663227],
  'r2': [0.27430318304809886,
   0.22055095976052808,
   0.25268025788394677,
   0.28112975175555377,
   0.34953667492353024,
   0.3740161728091347,
   0.23908663124606977,
   0.31481784414390457,
   0.17943910060158985,
   0.1502418302517956]},
 'test': {'mae': [13.686609359486626,
   13.703510703121458,
   13.922642758482027,
   13.50093332359388,
   13.610083228193552,
   13.748437023967146,
   13.859416011807328,
   13.873185161511161,
   13.662957116827204,
   13.737786330689117],
  'mse': [280.5987387636069,
   287.1647876229813,
   291.39396337513085,
   276.42138913347543,
   278.0287210040623,
   286.03697190623745,
   289.9224153425744,
   287.20711103870553,
   282.63944828067133,
   288.07765340496934],
  'rmse': [16.75108171920867,
   16.94593720108101,
   17.07026547465302,
   16.62592521135216,
   16.674193263965194,
   16.912627587286295,
   17.02710824956999,
   16.947185932735426,
   16.811884138331173,
   16.9728504796622],
  'r2': [0.30666251483819973,
   0.2904383228704537,
   0.27998836114495584,
   0.3169844182792445,
   0.3130128272383027,
   0.2932250670882597,
   0.28362444096727835,
   0.2903337450282616,
   0.3016200816086647,
   0.28818270308982785]}