63.8376
56.3607
55.5733
49.4030
32.1529
50.3726
47.1902
58.4819
40.9575
56.9683
58.2884
53.8797
61.3139
54.7070
59.6720
66.2891
59.6380
61.5834
41.1426
66.7985
43.4758
58.5987
61.7140
30.0387
43.8202
58.1790
35.6858
34.8345
44.5152
56.1465
53.7777
35.8593
46.7212
57.7530
42.1452
38.3837
48.7152
35.5721
66.2659
53.9348
54.4179
51.2758
58.2558
66.7175
54.7587
55.0185
31.2884
67.6437
29.8797
43.7743
58.7119
29.5996
60.5927
53.9505
51.3415
42.5414
50.8452
58.2373
47.0805
64.0869
30.0296
57.9587
55.7617
49.1223
54.1229
57.1150
66.7290
50.6812
37.0888
36.2197
48.7832
58.0502
38.7575
51.3037
56.1824
38.5688
42.5678
37.5847
33.1889
66.7869
58.9585
51.2702
46.8088
45.3057
48.9254
63.0217
29.4885
56.7026
50.2316
60.0163
58.1278
61.6823
36.0353
57.3801
51.8829
55.5600
25.7292
28.1888
44.5531
51.7098
67.0890
48.1908
49.9638
59.2014
59.7276
70.5306
60.4920
40.8925
63.5124
64.4118
51.6701
38.7107
59.7542
50.8702
62.0167
50.2340
51.7935
40.5874
41.0849
62.8923
69.3616
54.1415
34.6499
54.0085
51.9862
59.4424
66.8780
30.7548
40.4294
40.0198
52.5035
48.3874
49.8082
45.4285
41.0997
56.5591
29.6655
50.9423
46.7538
48.2129
57.6140
59.6095
48.3846
61.6034
25.9145
31.5710
62.3515
39.1451
66.8680
41.9631
60.3960
45.4235
56.6806
38.7381
64.8977
50.8317
67.3158
45.3758
42.9990
70.8706
55.8372
59.7668
42.4139
45.0001
37.7937
30.9276
58.9899
29.3951
41.7375
46.3603
56.6140
29.0645
55.4880
47.7871
53.6590
25.8103
48.2938
66.7522
34.1039
62.1224
58.6994
45.8321
51.2162
39.2482
56.0017
52.6438
53.0196
38.2314
66.8911
52.1576
32.6804
52.5742
55.1473
58.2265
53.2749
62.5551
33.5181
56.1345
30.9127
61.5298
55.1375
58.8840
30.3070
39.9844
52.1397
53.5328
66.7869
31.2042
53.4849
55.2265
66.7406
38.8664
32.8581
52.8424
29.7871
41.9355
32.2374
32.0809
51.4100
53.3461
27.8067
51.5323
69.8944
39.0638
53.7355
48.3671
66.8332
29.7755
50.6503
54.6978
40.8343
46.0574
53.2687
67.5804
37.9448
48.0693
41.8244
57.8929
58.7006
27.0047
50.0501
51.0674
53.7428
37.4281
56.8649
43.1154
52.0195
28.9485
55.9434
54.9754
29.7061
36.7093
45.9534
57.9650
43.0924
58.3061
57.9342
56.4102
43.1959
66.7175
73.2041
51.2827
38.0228
55.5159
64.8610
54.7799
58.3396
33.3164
54.4397
45.0641
32.1786
37.3225
57.4996
45.7351
49.2055
51.4120
