'train': {'mae': [6.385774651852072,
   6.13929870130859,
   6.3730996348084314,
   6.480447055765275,
   6.51192740073838,
   6.499321474016116,
   6.615360733687609,
   6.517088501407693,
   6.671536071933217,
   6.2738766981091265],
  'mse': [62.5588346892959,
   57.06313754617855,
   62.07040516975347,
   63.913072597597065,
   65.07656726735665,
   64.27780165131458,
   67.05372823192283,
   65.08842820324506,
   67.41756987944672,
   60.435608156936375],
  'rmse': [7.90941430760179,
   7.554014664149028,
   7.878477338277586,
   7.994565191278201,
   8.06700485108052,
   8.017343802738822,
   8.188634088291089,
   8.067739968742488,
   8.210820292726343,
   7.774034226637825],
  'r2': [0.8456011551661184,
   0.8563553129411867,
   0.8443292729376323,
   0.8409728288840468,
   0.8379340846597085,
   0.8376540358123366,
   0.8312545227740705,
   0.8368924433612763,
   0.833511885547482,
   0.8496420817152599]},
 'val': {'mae': [9.45725333911768,
   9.916118311392097,
   8.43990296997602,
   8.780250472887818,
   9.137613593181733,
   8.852172989882359,
   9.474849148000617,
   8.510586032552894,
   8.787005807756874,
   10.140485987160925],
  'mse': [148.2043806293182,
   159.99124587941765,
   115.86451918891169,
   125.25520111261108,
   129.57300611388334,
   128.25190937191155,
   136.30260044353776,
   126.27309043622719,
   125.57852115898677,
   165.08128304774337],
  'rmse': [12.173922154725576,
   12.648764598940785,
   10.764038237990038,
   11.191747008962054,
   11.383013929266859,
   11.324835953421646,
   11.674870467955426,
   11.237129991070994,
   11.206182274039039,
   12.848396127444989],
  'r2': [0.5810774642380163,
   0.6259250617511273,
   0.7177000238641122,
   0.675877580694461,
   0.6675607900395204,
   0.7084653647620083,
   0.6800888348588142,
   0.6894335215495142,
   0.6395317813459152,
   0.5730515383612702]},
 'test': {'mae': [8.516580123488335,
   8.548805585415389,
   8.470214182415452,
   8.251608278343413,
   8.378260234252574,
   8.29609275893781,
   8.318369630049137,
   8.227558732582578,
   8.293111639223332,
   8.43954916527949],
  'mse': [117.08410843584996,
   117.36981257085108,
   116.3032812565355,
   112.7433198286373,
   112.88150048372536,
   114.18681363487786,
   116.65751616904227,
   112.07056205056743,
   112.0131601416635,
   116.75589466365821],
  'rmse': [10.820541041734002,
   10.833734931723734,
   10.784399902476517,
   10.618065729154123,
   10.624570602322024,
   10.685823020941244,
   10.800810903309172,
   10.586338462875982,
   10.583626984246163,
   10.805364161547644],
  'r2': [0.7106943471912266,
   0.7099883946722138,
   0.7126237099361816,
   0.7214200955313834,
   0.7210786619657197,
   0.7178533355028979,
   0.7117484232386144,
   0.723082427258266,
   0.7232242628749843,
   0.7115053376910756]}