62.2727
61.7934
64.9547
56.7443
31.4456
53.1442
52.6618
74.7635
49.7028
60.8493
64.4850
73.8818
78.3409
38.5230
67.6860
31.8328
57.7000
51.0696
33.4603
71.9275
26.1361
45.9757
63.0129
23.3189
21.9590
55.9593
33.0390
27.2987
71.1152
67.3430
50.4389
40.2752
43.7091
64.6167
30.2076
35.9861
31.7057
31.1245
33.7640
44.5664
60.3133
55.6125
72.0478
69.8239
48.0770
66.8296
25.8041
62.4361
27.7940
29.5712
68.0821
21.8683
65.0145
42.3025
70.8788
32.8141
43.5065
59.2598
25.6550
75.0373
25.8595
68.7795
65.7017
41.3318
67.6799
36.5378
70.1244
56.5163
50.0678
38.7865
27.5810
66.1331
28.9589
55.6819
71.0891
59.8671
37.5517
24.4041
57.3966
71.6270
62.8877
59.3596
42.2991
46.7495
40.9131
70.5485
26.9677
61.6733
39.1017
50.9007
50.6468
61.7214
30.4202
57.9601
38.8905
70.6776
28.0616
29.8698
28.4489
60.3264
67.3249
48.6561
50.0920
50.7812
45.0561
61.6122
74.2018
32.3145
75.6747
70.3037
42.9200
39.0230
72.8830
31.3786
70.7320
46.9705
29.2080
55.0649
29.0942
77.7566
78.3414
30.9422
29.6779
58.5281
47.1503
49.6975
64.7887
39.2647
37.6427
28.3528
70.2333
47.6588
31.4737
29.7672
36.9225
37.7341
25.1504
53.8663
52.2518
34.5711
63.5953
60.1895
48.6087
74.8708
32.8700
24.9038
61.9288
24.3618
73.7307
35.8875
71.0799
41.1539
35.4521
34.0648
65.9005
48.5021
73.3790
20.6613
61.5743
78.3150
72.3425
63.3350
37.0316
50.8905
28.1356
40.7875
65.4382
21.6915
29.4544
28.8939
63.3072
21.2751
46.0342
59.2009
62.2825
30.1653
52.7988
70.7254
28.7904
69.0948
64.5439
54.4022
50.1204
28.5192
58.8637
34.5138
56.0994
26.6926
74.3318
35.8691
25.5018
50.3099
65.6538
61.2567
46.0488
69.9689
36.6453
47.3976
26.6967
66.5343
65.7838
66.3165
24.6093
43.1087
58.9846
52.9217
71.6270
23.3570
30.6876
53.0463
70.4249
33.6486
14.0750
53.9072
25.3898
52.6125
28.0627
29.5987
28.5130
43.9154
15.6354
61.8343
66.1694
39.4775
40.2569
33.6345
72.8291
25.0893
58.9475
61.6765
27.6734
45.9278
51.2683
73.3102
28.4689
28.4810
34.7291
71.1871
58.3707
21.8576
46.4836
70.8643
69.5397
17.8419
43.4589
35.1118
49.7140
27.2003
59.4062
34.3820
23.2861
23.6568
41.4366
61.2878
27.9432
63.5187
62.3341
75.0861
42.3298
69.8239
78.2452
45.2050
33.2564
54.4641
80.5868
49.6812
40.8495
36.3069
46.6146
30.4456
18.5307
37.7655
77.4071
37.5662
36.5391
59.9364
