'train': {'mae': [11.044083184418005,
   11.008230498992821,
   11.061958278820528,
   11.10335212598074,
   11.36209360001042,
   10.865750893847322,
   11.180395702144303,
   11.416080878036283,
   11.228230041331187,
   11.00939428434721],
  'mse': [198.12251414959775,
   191.37723721709057,
   198.09883546690307,
   196.8910132340113,
   205.96239266279076,
   191.48363556551288,
   201.21035788130683,
   206.70411474295722,
   206.50297334959936,
   200.02413919893806],
  'rmse': [14.07559995700353,
   13.833916192354591,
   14.0747588067044,
   14.031785817707284,
   14.351389920937649,
   13.837761219413814,
   14.184863689204308,
   14.377208169285066,
   14.370211318891569,
   14.142989047543594],
  'r2': [0.5110221046761872,
   0.5182472515118435,
   0.5031740220963077,
   0.5100998969350801,
   0.4870736872853564,
   0.5163712099135456,
   0.49363982050267674,
   0.48201233255140685,
   0.4900396035738047,
   0.5023593855703166]},
 'val': {'mae': [9.496985575806136,
   9.686847380523945,
   9.08560813363272,
   9.151582358386312,
   9.00777894015028,
   9.604126200530626,
   9.506841924452958,
   7.83999160935189,
   8.570275571970418,
   9.853382163368524],
  'mse': [150.37814710621058,
   148.5354024746382,
   116.27109830840072,
   134.12727336273477,
   113.92271476155142,
   143.86499384612404,
   135.74058681654884,
   93.25622620984761,
   113.31755410541031,
   158.03766590908756],
  'rmse': [12.262876787532793,
   12.187510101519432,
   10.782907692658819,
   11.581332970031333,
   10.673458425531596,
   11.994373424490503,
   11.650776232361038,
   9.656926333458674,
   10.645071822463684,
   12.571303270110365],
  'r2': [0.5749329780845889,
   0.6527099267021848,
   0.716709407612195,
   0.6529193522423086,
   0.7077139874442928,
   0.6729746269677657,
   0.6814079177937706,
   0.7706379271504301,
   0.6747264062864625,
   0.5912683915756444]},
 'test': {'mae': [9.149264803624718,
   9.033668432719349,
   9.062493127761252,
   8.820173962880313,
   8.962652801283346,
   9.414086968566922,
   9.38352463463218,
   8.60816336872881,
   9.005678152698978,
   9.171507697083838],
  'mse': [135.0596073682123,
   130.44313909156384,
   132.5476442095906,
   126.20455645919112,
   123.20580290304194,
   139.55486149423,
   136.72923182066353,
   118.16588480607314,
   126.79342478304015,
   135.78442238898688],
  'rmse': [11.621514848255037,
   11.421170653289611,
   11.512933779432183,
   11.234080134091581,
   11.099810939968389,
   11.813334054966447,
   11.693127546583229,
   10.870413276691606,
   11.260258646365108,
   11.652657310201262],
  'r2': [0.6662782985688828,
   0.6776852297595365,
   0.6724851626014582,
   0.688158435148587,
   0.6955681200901578,
   0.6551708780415152,
   0.6621527874417553,
   0.7080213625892899,
   0.6867033876863355,
   0.66448733747645]}