64.9222
78.3812
73.5469
73.0764
49.1997
44.5505
63.2258
77.9249
12.5754
65.0220
74.8679
71.5964
83.0032
28.0275
68.8150
40.4107
38.4024
36.5168
13.7922
64.5804
13.0456
50.5318
56.5423
19.6417
14.4468
35.0896
23.2027
20.9308
76.2650
82.1061
69.8273
31.6500
34.6640
66.6497
13.5122
43.3794
21.4601
17.6053
39.3121
39.9669
65.2681
68.8868
79.5429
60.7352
38.6131
71.8844
19.4629
52.4730
48.1011
15.0103
68.0664
20.8261
66.8016
37.5583
67.2982
33.7537
33.7667
63.3373
15.1487
77.1035
24.6609
77.7837
81.9309
41.4823
70.7950
21.8027
61.2846
59.8035
45.1995
55.9451
18.5654
67.7524
18.5030
44.2975
89.1376
56.2844
34.8046
17.6305
66.0712
64.0311
66.5471
63.4850
59.0232
48.4274
30.8733
77.0492
25.9961
63.3471
36.6305
48.6231
55.0524
58.2012
31.9582
56.5421
47.2451
76.5253
40.9601
13.4750
27.0372
54.7281
77.8678
45.2001
52.1541
45.3788
33.9065
66.0617
73.9062
20.6826
76.0217
64.7574
18.7597
36.9776
69.8283
11.0954
74.0006
45.9981
17.1385
53.2712
21.3644
84.3329
76.0431
7.2993
23.6187
65.3180
44.8656
28.5981
61.4214
32.8128
29.9457
19.6687
67.2374
48.1355
13.0855
17.5439
21.1270
18.4613
32.0191
62.1134
42.4043
25.1493
76.8304
64.3863
59.2850
81.6563
49.7490
22.8929
43.7296
25.6137
67.8763
15.2936
78.3591
28.2720
20.5699
24.6055
71.5547
62.3360
71.3114
17.0480
61.2663
84.2827
70.2384
62.9231
53.6878
64.2452
15.8356
38.0282
69.4412
20.0513
17.8115
10.8157
70.3571
17.0857
40.5760
72.1327
68.8185
44.8052
67.3653
62.3832
26.0266
74.6721
70.9704
54.3039
63.8095
23.7223
65.2476
16.6017
76.1503
19.5277
68.9749
32.9235
30.2625
60.5583
67.0662
64.1416
49.3645
77.4965
24.6620
36.6184
45.3545
58.8685
68.0030
76.3770
27.1932
21.2320
59.7332
63.8043
64.0311
20.0730
38.7043
60.1637
61.8339
39.6733
5.6433
42.1754
43.7066
61.0893
11.3845
31.4717
14.0192
22.5705
8.6975
58.4460
86.4897
39.8049
20.9500
19.0008
66.2284
43.1573
53.8618
55.8697
20.2278
47.0548
49.4493
78.0456
30.9174
14.0853
36.4952
77.9133
65.5021
14.7344
32.1188
84.2732
73.5101
17.5811
58.4046
12.7124
52.4237
29.5179
58.3761
29.0394
39.8614
15.4293
45.6470
65.1449
24.2046
57.6853
64.7857
78.5894
53.5481
60.7352
79.0232
48.4145
15.6528
51.9261
85.8810
50.1055
48.2962
28.3600
41.3289
17.0094
12.1286
28.8490
77.1116
25.4670
36.3872
68.7763
